      localhos   PRTAB(31DEC17)     101               31-AUG-2017   16:47:45               Page    1
HDFC0075PB  .TASAV .   1  Disk= 1    FG Table version   1
Title: AIPS FG
 
Created by      FITLD on 31-AUG-2017 16:46:59
Last written by FITLD on 31-AUG-2017 16:46:59
Ncol 9  Nrow 74    Sort cols:  5 (ASCEND)
   Table format incompatable with FITS ASCII tables
 
COL. NO.         1            2            3           4             5            6         7           8           9
     ROW      SOURCE      SUBARRAY      FREQ ID      ANTS      TIME RANGE        IFS      CHANS      PFLAGS      REASON
  NUMBER                                                       D/HMS
 
       1         0            0            -1          1       0/08:05:00.0       1         1         1111
       1                                               0       0/08:34:30.0       8         0
       2         0            0            -1         13       0/08:05:00.0       1         1         1111
       2                                               0       0/08:34:30.0       8         0
       3         0            0            -1          1       0/08:34:30.0       1         1         1111
       3                                               0       0/09:04:00.0       8         0
       4         0            0            -1         13       0/08:34:30.0       1         1         1111
       4                                               0       0/09:04:00.0       8         0
       5         0            0            -1         13       0/09:33:30.0       1         1         1111
       5                                               0       0/10:03:00.0       8         0
       6         0            0            -1          1       0/09:33:30.0       1         1         1111
       6                                               0       0/10:03:00.0       8         0
       7         0            0            -1         13       0/10:03:00.0       1         1         1111
       7                                               0       0/10:32:30.0       8         0
       8         0            0            -1          1       0/10:03:00.0       1         1         1111
       8                                               0       0/10:32:30.0       8         0
       9         0            0            -1         13       0/10:32:30.0       1         1         1111
       9                                               0       0/11:02:00.0       8         0
      10         0            0            -1          1       0/10:32:30.0       1         1         1111
      10                                               0       0/11:02:00.0       8         0
      11         0            0            -1         13       0/11:02:00.0       1         1         1111
      11                                               0       0/11:31:30.0       8         0
      12         0            0            -1          1       0/11:02:00.0       1         1         1111
      12                                               0       0/11:31:30.0       8         0
      13         0            0            -1          1       0/12:01:00.0       1         1         1111
      13                                               0       0/12:30:30.0       8         0
      14         0            0            -1         13       0/12:01:00.0       1         1         1111
      14                                               0       0/12:30:30.0       8         0
      15         0            0            -1          1       0/12:30:30.0       1         1         1111
      15                                               0       0/13:00:00.0       8         0
      16         0            0            -1         13       0/12:30:30.0       1         1         1111
      16                                               0       0/13:00:00.0       8         0
      17         0            0            -1          1       0/13:00:00.0       1         1         1111
      17                                               0       0/13:29:30.0       8         0
      18         0            0            -1         13       0/13:00:00.0       1         1         1111
      18                                               0       0/13:29:30.0       8         0
      19         0            0            -1          1       0/13:29:30.0       1         1         1111
      19                                               0       0/13:59:00.0       8         0
      20         0            0            -1         13       0/13:29:30.0       1         1         1111
      20                                               0       0/13:59:00.0       8         0
      21         0            0            -1          1       0/14:28:30.0       1         1         1111
      21                                               0       0/14:58:00.0       8         0
      22         0            0            -1         13       0/14:28:30.0       1         1         1111
      22                                               0       0/14:58:00.0       8         0
      23         0            0            -1         13       0/14:58:00.0       1         1         1111
      23                                               0       0/15:27:30.0       8         0
      localhos   PRTAB(31DEC17)     101               31-AUG-2017   16:47:45               Page    2
     ROW      SOURCE      SUBARRAY      FREQ ID      ANTS      TIME RANGE        IFS      CHANS      PFLAGS      REASON
  NUMBER                                                       D/HMS
 
      24         0            0            -1          1       0/14:58:00.0       1         1         1111
      24                                               0       0/15:27:30.0       8         0
      25         0            0            -1         13       0/15:27:30.0       1         1         1111
      25                                               0       0/15:57:00.0       8         0
      26         0            0            -1          1       0/15:27:30.0       1         1         1111
      26                                               0       0/15:57:00.0       8         0
      27         0            0            -1          1       0/15:57:00.0       1         1         1111
      27                                               0       0/16:26:30.0       8         0
      28         0            0            -1         13       0/15:57:00.0       1         1         1111
      28                                               0       0/16:26:30.0       8         0
      29         0            0            -1         13       0/16:56:00.0       1         1         1111
      29                                               0       0/17:25:30.0       8         0
      30         0            0            -1          1       0/16:56:00.0       1         1         1111
      30                                               0       0/17:25:30.0       8         0
      31         0            0            -1          1       0/17:25:30.0       1         1         1111
      31                                               0       0/18:06:00.0       8         0
      32         0            0            -1         13       0/17:25:30.0       1         1         1111
      32                                               0       0/18:06:00.0       8         0
      33         0            0            -1         13       0/18:06:00.0       1         1         1111
      33                                               0       0/18:35:30.0       8         0
      34         0            0            -1          1       0/18:06:00.0       1         1         1111
      34                                               0       0/18:35:30.0       8         0
      35         0            0            -1         13       0/18:35:30.0       1         1         1111
      35                                               0       0/19:05:30.0       8         0
      36         0            0            -1          1       0/18:35:30.0       1         1         1111
      36                                               0       0/19:05:30.0       8         0
      37         0            0            -1         13       0/19:34:30.0       1         1         1111
      37                                               0       0/20:04:00.0       8         0
      38         0            0            -1          1       0/19:34:30.0       1         1         1111
      38                                               0       0/20:04:00.0       8         0
      39         0            0            -1          1       0/20:33:30.0       1         1         1111
      39                                               0       0/21:03:00.0       8         0
      40         0            0            -1         13       0/20:33:30.0       1         1         1111
      40                                               0       0/21:03:00.0       8         0
      41         0            0            -1          1       0/21:03:00.0       1         1         1111
      41                                               0       0/21:32:30.0       8         0
      42         0            0            -1         13       0/21:03:00.0       1         1         1111
      42                                               0       0/21:32:30.0       8         0
      43         0            0            -1          1       0/21:32:30.0       1         1         1111
      43                                               0       0/22:02:00.0       8         0
      44         0            0            -1         13       0/21:32:30.0       1         1         1111
      44                                               0       0/22:02:00.0       8         0
      45         0            0            -1          1       0/22:31:30.0       1         1         1111
      45                                               0       0/23:01:00.0       8         0
      46         0            0            -1         13       0/22:31:30.0       1         1         1111
      46                                               0       0/23:01:00.0       8         0
      47         0            0            -1         13       0/23:01:00.0       1         1         1111
      47                                               0       0/23:30:30.0       8         0
      48         0            0            -1          1       0/23:01:00.0       1         1         1111
      48                                               0       0/23:30:30.0       8         0
      49         0            0            -1         13       0/23:30:30.0       1         1         1111
      49                                               0       1/00:00:00.0       8         0
      50         0            0            -1          1       0/23:30:30.0       1         1         1111
      50                                               0       1/00:00:00.0       8         0
      51         0            0            -1         13       1/00:29:30.0       1         1         1111
      localhos   PRTAB(31DEC17)     101               31-AUG-2017   16:47:45               Page    3
     ROW      SOURCE      SUBARRAY      FREQ ID      ANTS      TIME RANGE        IFS      CHANS      PFLAGS      REASON
  NUMBER                                                       D/HMS
 
      51                                               0       1/00:59:00.0       8         0
      52         0            0            -1          1       1/00:29:30.0       1         1         1111
      52                                               0       1/00:59:00.0       8         0
      53         0            0            -1          1       1/00:59:00.0       1         1         1111
      53                                               0       1/01:28:30.0       8         0
      54         0            0            -1         13       1/00:59:00.0       1         1         1111
      54                                               0       1/01:28:30.0       8         0
      55         0            0            -1         13       1/01:28:30.0       1         1         1111
      55                                               0       1/01:58:00.0       8         0
      56         0            0            -1          1       1/01:28:30.0       1         1         1111
      56                                               0       1/01:58:00.0       8         0
      57         0            0            -1          1       1/02:27:30.0       1         1         1111
      57                                               0       1/02:57:00.0       8         0
      58         0            0            -1         13       1/02:27:30.0       1         1         1111
      58                                               0       1/02:57:00.0       8         0
      59         0            0            -1         13       1/02:57:00.0       1         1         1111
      59                                               0       1/03:26:30.0       8         0
      60         0            0            -1          1       1/02:57:00.0       1         1         1111
      60                                               0       1/03:26:30.0       8         0
      61         0            0            -1         13       1/03:26:30.0       1         1         1111
      61                                               0       1/03:56:00.0       8         0
      62         0            0            -1          1       1/03:26:30.0       1         1         1111
      62                                               0       1/03:56:00.0       8         0
      63         0            0            -1          1       1/04:25:30.0       1         1         1111
      63                                               0       1/04:55:00.0       8         0
      64         0            0            -1         13       1/04:25:30.0       1         1         1111
      64                                               0       1/04:55:00.0       8         0
      65         0            0            -1         13       1/04:55:00.0       1         1         1111
      65                                               0       1/05:24:30.0       8         0
      66         0            0            -1          1       1/04:55:00.0       1         1         1111
      66                                               0       1/05:24:30.0       8         0
      67         0            0            -1          1       1/05:24:30.0       1         1         1111
      67                                               0       1/05:54:00.0       8         0
      68         0            0            -1         13       1/05:24:30.0       1         1         1111
      68                                               0       1/05:54:00.0       8         0
      69         0            0            -1          1       1/06:23:30.0       1         1         1111
      69                                               0       1/06:53:00.0       8         0
      70         0            0            -1         13       1/06:23:30.0       1         1         1111
      70                                               0       1/06:53:00.0       8         0
      71         0            0            -1          1       1/06:53:00.0       1         1         1111
      71                                               0       1/07:22:30.0       8         0
      72         0            0            -1         13       1/06:53:00.0       1         1         1111
      72                                               0       1/07:22:30.0       8         0
      73         0            0            -1         13       1/07:22:30.0       1         1         1111
      73                                               0       1/07:52:00.0       8         0
      74         0            0            -1          1       1/07:22:30.0       1         1         1111
      74                                               0       1/07:52:00.0       8         0
      localhos   PRTAB(31DEC17)     101               31-AUG-2017   16:47:55               Page    1
HDFC0075PB  .TASAV .   1  Disk= 1    FG Table version   1
Title: AIPS FG
 
Created by      FITLD on 31-AUG-2017 16:46:59
Last written by FITLD on 31-AUG-2017 16:46:59
Ncol 9  Nrow 74    Sort cols:  5 (ASCEND)
   Table format incompatable with FITS ASCII tables
 
COL. NO.         1            2            3           4             5            6         7           8           9
     ROW      SOURCE      SUBARRAY      FREQ ID      ANTS      TIME RANGE        IFS      CHANS      PFLAGS      REASON
  NUMBER                                                       D/HMS
 
       1         0            0            -1          1       0/08:05:00.0       1         1         1111
       1                                               0       0/08:34:30.0       8         0
       2         0            0            -1         13       0/08:05:00.0       1         1         1111
       2                                               0       0/08:34:30.0       8         0
       3         0            0            -1          1       0/08:34:30.0       1         1         1111
       3                                               0       0/09:04:00.0       8         0
       4         0            0            -1         13       0/08:34:30.0       1         1         1111
       4                                               0       0/09:04:00.0       8         0
       5         0            0            -1         13       0/09:33:30.0       1         1         1111
       5                                               0       0/10:03:00.0       8         0
       6         0            0            -1          1       0/09:33:30.0       1         1         1111
       6                                               0       0/10:03:00.0       8         0
       7         0            0            -1         13       0/10:03:00.0       1         1         1111
       7                                               0       0/10:32:30.0       8         0
       8         0            0            -1          1       0/10:03:00.0       1         1         1111
       8                                               0       0/10:32:30.0       8         0
       9         0            0            -1         13       0/10:32:30.0       1         1         1111
       9                                               0       0/11:02:00.0       8         0
      10         0            0            -1          1       0/10:32:30.0       1         1         1111
      10                                               0       0/11:02:00.0       8         0
      11         0            0            -1         13       0/11:02:00.0       1         1         1111
      11                                               0       0/11:31:30.0       8         0
      12         0            0            -1          1       0/11:02:00.0       1         1         1111
      12                                               0       0/11:31:30.0       8         0
      13         0            0            -1          1       0/12:01:00.0       1         1         1111
      13                                               0       0/12:30:30.0       8         0
      14         0            0            -1         13       0/12:01:00.0       1         1         1111
      14                                               0       0/12:30:30.0       8         0
      15         0            0            -1          1       0/12:30:30.0       1         1         1111
      15                                               0       0/13:00:00.0       8         0
      16         0            0            -1         13       0/12:30:30.0       1         1         1111
      16                                               0       0/13:00:00.0       8         0
      17         0            0            -1          1       0/13:00:00.0       1         1         1111
      17                                               0       0/13:29:30.0       8         0
      18         0            0            -1         13       0/13:00:00.0       1         1         1111
      18                                               0       0/13:29:30.0       8         0
      19         0            0            -1          1       0/13:29:30.0       1         1         1111
      19                                               0       0/13:59:00.0       8         0
      20         0            0            -1         13       0/13:29:30.0       1         1         1111
      20                                               0       0/13:59:00.0       8         0
      21         0            0            -1          1       0/14:28:30.0       1         1         1111
      21                                               0       0/14:58:00.0       8         0
      22         0            0            -1         13       0/14:28:30.0       1         1         1111
      22                                               0       0/14:58:00.0       8         0
      23         0            0            -1         13       0/14:58:00.0       1         1         1111
      23                                               0       0/15:27:30.0       8         0
      localhos   PRTAB(31DEC17)     101               31-AUG-2017   16:47:55               Page    2
     ROW      SOURCE      SUBARRAY      FREQ ID      ANTS      TIME RANGE        IFS      CHANS      PFLAGS      REASON
  NUMBER                                                       D/HMS
 
      24         0            0            -1          1       0/14:58:00.0       1         1         1111
      24                                               0       0/15:27:30.0       8         0
      25         0            0            -1         13       0/15:27:30.0       1         1         1111
      25                                               0       0/15:57:00.0       8         0
      26         0            0            -1          1       0/15:27:30.0       1         1         1111
      26                                               0       0/15:57:00.0       8         0
      27         0            0            -1          1       0/15:57:00.0       1         1         1111
      27                                               0       0/16:26:30.0       8         0
      28         0            0            -1         13       0/15:57:00.0       1         1         1111
      28                                               0       0/16:26:30.0       8         0
      29         0            0            -1         13       0/16:56:00.0       1         1         1111
      29                                               0       0/17:25:30.0       8         0
      30         0            0            -1          1       0/16:56:00.0       1         1         1111
      30                                               0       0/17:25:30.0       8         0
      31         0            0            -1          1       0/17:25:30.0       1         1         1111
      31                                               0       0/18:06:00.0       8         0
      32         0            0            -1         13       0/17:25:30.0       1         1         1111
      32                                               0       0/18:06:00.0       8         0
      33         0            0            -1         13       0/18:06:00.0       1         1         1111
      33                                               0       0/18:35:30.0       8         0
      34         0            0            -1          1       0/18:06:00.0       1         1         1111
      34                                               0       0/18:35:30.0       8         0
      35         0            0            -1         13       0/18:35:30.0       1         1         1111
      35                                               0       0/19:05:30.0       8         0
      36         0            0            -1          1       0/18:35:30.0       1         1         1111
      36                                               0       0/19:05:30.0       8         0
      37         0            0            -1         13       0/19:34:30.0       1         1         1111
      37                                               0       0/20:04:00.0       8         0
      38         0            0            -1          1       0/19:34:30.0       1         1         1111
      38                                               0       0/20:04:00.0       8         0
      39         0            0            -1          1       0/20:33:30.0       1         1         1111
      39                                               0       0/21:03:00.0       8         0
      40         0            0            -1         13       0/20:33:30.0       1         1         1111
      40                                               0       0/21:03:00.0       8         0
      41         0            0            -1          1       0/21:03:00.0       1         1         1111
      41                                               0       0/21:32:30.0       8         0
      42         0            0            -1         13       0/21:03:00.0       1         1         1111
      42                                               0       0/21:32:30.0       8         0
      43         0            0            -1          1       0/21:32:30.0       1         1         1111
      43                                               0       0/22:02:00.0       8         0
      44         0            0            -1         13       0/21:32:30.0       1         1         1111
      44                                               0       0/22:02:00.0       8         0
      45         0            0            -1          1       0/22:31:30.0       1         1         1111
      45                                               0       0/23:01:00.0       8         0
      46         0            0            -1         13       0/22:31:30.0       1         1         1111
      46                                               0       0/23:01:00.0       8         0
      47         0            0            -1         13       0/23:01:00.0       1         1         1111
      47                                               0       0/23:30:30.0       8         0
      48         0            0            -1          1       0/23:01:00.0       1         1         1111
      48                                               0       0/23:30:30.0       8         0
      49         0            0            -1         13       0/23:30:30.0       1         1         1111
      49                                               0       1/00:00:00.0       8         0
      50         0            0            -1          1       0/23:30:30.0       1         1         1111
      50                                               0       1/00:00:00.0       8         0
      51         0            0            -1         13       1/00:29:30.0       1         1         1111
      localhos   PRTAB(31DEC17)     101               31-AUG-2017   16:47:55               Page    3
     ROW      SOURCE      SUBARRAY      FREQ ID      ANTS      TIME RANGE        IFS      CHANS      PFLAGS      REASON
  NUMBER                                                       D/HMS
 
      51                                               0       1/00:59:00.0       8         0
      52         0            0            -1          1       1/00:29:30.0       1         1         1111
      52                                               0       1/00:59:00.0       8         0
      53         0            0            -1          1       1/00:59:00.0       1         1         1111
      53                                               0       1/01:28:30.0       8         0
      54         0            0            -1         13       1/00:59:00.0       1         1         1111
      54                                               0       1/01:28:30.0       8         0
      55         0            0            -1         13       1/01:28:30.0       1         1         1111
      55                                               0       1/01:58:00.0       8         0
      56         0            0            -1          1       1/01:28:30.0       1         1         1111
      56                                               0       1/01:58:00.0       8         0
      57         0            0            -1          1       1/02:27:30.0       1         1         1111
      57                                               0       1/02:57:00.0       8         0
      58         0            0            -1         13       1/02:27:30.0       1         1         1111
      58                                               0       1/02:57:00.0       8         0
      59         0            0            -1         13       1/02:57:00.0       1         1         1111
      59                                               0       1/03:26:30.0       8         0
      60         0            0            -1          1       1/02:57:00.0       1         1         1111
      60                                               0       1/03:26:30.0       8         0
      61         0            0            -1         13       1/03:26:30.0       1         1         1111
      61                                               0       1/03:56:00.0       8         0
      62         0            0            -1          1       1/03:26:30.0       1         1         1111
      62                                               0       1/03:56:00.0       8         0
      63         0            0            -1          1       1/04:25:30.0       1         1         1111
      63                                               0       1/04:55:00.0       8         0
      64         0            0            -1         13       1/04:25:30.0       1         1         1111
      64                                               0       1/04:55:00.0       8         0
      65         0            0            -1         13       1/04:55:00.0       1         1         1111
      65                                               0       1/05:24:30.0       8         0
      66         0            0            -1          1       1/04:55:00.0       1         1         1111
      66                                               0       1/05:24:30.0       8         0
      67         0            0            -1          1       1/05:24:30.0       1         1         1111
      67                                               0       1/05:54:00.0       8         0
      68         0            0            -1         13       1/05:24:30.0       1         1         1111
      68                                               0       1/05:54:00.0       8         0
      69         0            0            -1          1       1/06:23:30.0       1         1         1111
      69                                               0       1/06:53:00.0       8         0
      70         0            0            -1         13       1/06:23:30.0       1         1         1111
      70                                               0       1/06:53:00.0       8         0
      71         0            0            -1          1       1/06:53:00.0       1         1         1111
      71                                               0       1/07:22:30.0       8         0
      72         0            0            -1         13       1/06:53:00.0       1         1         1111
      72                                               0       1/07:22:30.0       8         0
      73         0            0            -1         13       1/07:22:30.0       1         1         1111
      73                                               0       1/07:52:00.0       8         0
      74         0            0            -1          1       1/07:22:30.0       1         1         1111
      74                                               0       1/07:52:00.0       8         0
